    0.250611     0.150583     0.956305
    0.584587     0.351255    -0.731354
   -0.835198    -0.501838    -0.224951
    0.198277     0.191474     0.961262
   -0.697972    -0.674024    -0.241922
    0.499695     0.482550    -0.719340
    0.250611     0.150583     0.956305
    0.584587     0.351255    -0.731354
   -0.835198    -0.501838    -0.224951
    0.198277     0.191474     0.961262
   -0.697972    -0.674024    -0.241922
    0.499695     0.482550    -0.719340
    0.250611     0.150583     0.956305
    0.584587     0.351255    -0.731354
   -0.835198    -0.501838    -0.224951
    0.198277     0.191474     0.961262
   -0.697972    -0.674024    -0.241922
    0.499695     0.482550    -0.719340
