        U_ele_1         U_ele_2        band_gap       delta_gap      delta_band       delta_mag                                  mag_moment        obj_func           d_obj
         0.0000          0.0000          0.0000          0.0000          1.3863          0.0785       [0.000,0.000,2.576,0.000,0.000,0.323]         -0.9640             nan
        -9.9920          0.0000          0.0000          0.0000          2.8144          1.1201  [-0.000,-0.000,0.002,-0.000,-0.000,-0.001]         -4.5876          3.6236
        -0.2610          0.0000          0.0000          0.0000          1.4386          0.0963     [-0.000,-0.000,2.523,0.000,0.000,0.317]         -1.0394          3.5482
        10.0000          0.0000          2.7276          2.7276          0.9422          0.1049   [-0.000,-0.000,2.945,-0.000,-0.000,0.067]         -0.4494          0.5900
         5.8983          0.0000          2.0343          2.0343          0.6165          0.0404       [0.000,0.000,2.815,0.000,0.000,0.157]         -0.1909          0.2586
         3.9863          0.0000          1.1269          1.1269          0.9312          0.0084     [-0.000,-0.000,2.753,0.000,0.000,0.205]         -0.4336          0.2427
         7.9549          0.0000          2.3844          2.3844          0.6400          0.0737       [0.000,0.000,2.881,0.000,0.000,0.109]         -0.2075          0.2260
         6.8993          0.0000          2.2061          2.2061          0.5880          0.0564   [-0.000,-0.000,2.846,-0.000,-0.000,0.133]         -0.1745          0.0331
         6.4411          0.0000          2.1270          2.1270          0.6203          0.0497     [-0.000,-0.000,2.832,0.000,0.000,0.142]         -0.1936          0.0191
        -4.6777          0.0000          0.0000          0.0000          2.7820          1.1025       [0.000,0.000,0.045,0.000,0.000,0.004]         -4.4775          4.2839
         2.3144          0.0000          0.0942          0.0942          1.2436          0.0235     [-0.000,-0.000,2.692,0.000,0.000,0.254]         -0.7735          3.7040
         8.9405          0.0000          2.5463          2.5463          0.7642          0.0892     [-0.000,-0.000,2.912,0.000,0.000,0.087]         -0.2960          0.4775
         5.0962          0.0000          1.8648          1.8648          0.6960          0.0267       [0.000,0.000,2.788,0.000,0.000,0.177]         -0.2426          0.0534
         7.3751          0.0000          2.2873          2.2873          0.5982          0.0641     [-0.000,-0.000,2.862,0.000,0.000,0.123]         -0.1810          0.0616
         7.0939          0.0000          2.2399          2.2399          0.5844          0.0597       [0.000,0.000,2.853,0.000,0.000,0.129]         -0.1726          0.0084
         7.0774          0.0000          2.2366          2.2366          0.6192          0.0588       [0.000,0.000,2.851,0.000,0.000,0.130]         -0.1934          0.0209
        -7.3290          0.0000          0.0000          0.0000          2.8002          1.1214 [-0.000,-0.000,-0.001,-0.000,-0.000,-0.001]         -4.5494          4.3560
        -2.1521          0.0000          0.0000          0.0000          2.0208          0.3520     [0.000,0.000,1.875,-0.000,-0.000,0.203]         -2.1037          2.4457
         1.2228          0.0000          0.0000          0.0000          1.3985          0.0540     [0.000,0.000,2.619,-0.000,-0.000,0.278]         -0.9794          1.1243
        -3.2885          0.0000          0.0000          0.0000          2.1682          0.5926     [-0.000,-0.000,1.290,0.000,0.000,0.103]         -2.5260          1.5467
         3.1637          0.0000          0.6312          0.6312          1.1095          0.0073     [-0.000,-0.000,2.723,0.000,0.000,0.229]         -0.6155          1.9105
        -5.9991          0.0000          0.0000          0.0000          2.7922          1.1263   [-0.000,-0.000,-0.013,0.000,0.000,-0.002]         -4.5324          3.9169
        -8.6462          0.0000          0.0000          0.0000          2.8083          1.1209   [0.000,0.000,-0.000,-0.000,-0.000,-0.001]         -4.5714          0.0390
        -1.2277          0.0000          0.0000          0.0000          1.9078          0.2589     [-0.000,-0.000,2.103,0.000,0.000,0.229]         -1.8533          2.7181
         9.4805          0.0000          2.6380          2.6380          0.8496          0.0975     [-0.000,-0.000,2.929,0.000,0.000,0.076]         -0.3657          1.4877
         4.5441          0.0000          1.4679          1.4679          0.8151          0.0169     [-0.000,-0.000,2.770,0.000,0.000,0.193]         -0.3323          0.0333
         0.6597          0.0000          0.0000          0.0000          1.5738          0.0603       [0.000,0.000,2.619,0.000,0.000,0.307]         -1.2403          0.9079
         8.4394          0.0000          2.4658          2.4658          0.6951          0.0808   [-0.000,-0.000,2.895,-0.000,-0.000,0.099]         -0.2448          0.9955
         1.7910          0.0000          0.0000          0.0000          1.2904          0.0355       [0.000,0.000,2.666,0.000,0.000,0.268]         -0.8332          0.5884
         5.5010          0.0000          1.9620          1.9620          0.6456          0.0334   [-0.000,-0.000,2.801,-0.000,-0.000,0.167]         -0.2090          0.6243
         3.5730          0.0000          0.8760          0.8760          0.9911          0.0000     [-0.000,-0.000,2.737,0.000,0.000,0.218]         -0.4911          0.2821
         2.7376          0.0000          0.3718          0.3718          1.1599          0.0154       [0.000,0.000,2.708,0.000,0.000,0.242]         -0.6728          0.1817
        -2.7166          0.0000          0.0000          0.0000          2.1074          0.4983       [0.000,0.000,1.519,0.000,0.000,0.138]         -2.3447          1.6719
         4.8223          0.0000          1.7058          1.7058          0.7532          0.0221     [0.000,0.000,2.779,-0.000,-0.000,0.184]         -0.2839          2.0608
         8.1884          0.0000          2.4219          2.4219          0.6849          0.0772   [-0.000,-0.000,2.888,-0.000,-0.000,0.104]         -0.2375          0.0464
         6.6594          0.0000          2.1661          2.1661          0.6159          0.0523       [0.000,0.000,2.838,0.000,0.000,0.139]         -0.1910          0.0465
         6.1564          0.0000          2.0788          2.0788          0.6332          0.0445     [0.000,0.000,2.823,-0.000,-0.000,0.151]         -0.2015          0.0105
         9.7504          0.0000          2.6842          2.6842          0.8954          0.1013     [-0.000,-0.000,2.937,0.000,0.000,0.071]         -0.4060          0.2046
         8.7000          0.0000          2.5055          2.5055          0.7305          0.0854     [-0.000,-0.000,2.904,0.000,0.000,0.092]         -0.2704          0.1356
         7.6877          0.0000          2.3407          2.3407          0.6433          0.0688   [-0.000,-0.000,2.871,-0.000,-0.000,0.116]         -0.2093          0.0611
         4.2674          0.0000          1.2985          1.2985          0.8311          0.0131   [-0.000,-0.000,2.762,-0.000,-0.000,0.198]         -0.3455          0.1362
         5.6962          0.0000          1.9971          1.9971          0.6799          0.0369       [0.000,0.000,2.808,0.000,0.000,0.162]         -0.2318          0.1137
         9.2053          0.0000          2.5901          2.5901          0.8082          0.0934     [0.000,0.000,2.921,-0.000,-0.000,0.082]         -0.3309          0.0991
         5.3020          0.0000          1.9244          1.9244          0.7121          0.0305     [-0.000,-0.000,2.795,0.000,0.000,0.171]         -0.2540          0.0769
         7.2381          0.0000          2.2641          2.2641          0.5908          0.0617     [-0.000,-0.000,2.857,0.000,0.000,0.126]         -0.1764          0.0776
        -0.7323          0.0000          0.0000          0.0000          1.5234          0.1146   [-0.000,-0.000,2.474,-0.000,-0.000,0.316]         -1.1669          0.9905
        -3.9139          0.0000          0.0000          0.0000          2.2214          0.6835       [0.000,0.000,1.069,0.000,0.000,0.073]         -2.7009          1.5340
         7.5327          0.0000          2.3132          2.3132          0.6228          0.0667     [0.000,0.000,2.867,-0.000,-0.000,0.119]         -0.1962          2.5048
         6.3020          0.0000          2.1044          2.1044          0.5969          0.0465     [-0.000,-0.000,2.827,0.000,0.000,0.148]         -0.1793          0.0169
         6.7860          0.0000          2.1878          2.1878          0.6041          0.0547   [-0.000,-0.000,2.843,-0.000,-0.000,0.136]         -0.1840          0.0047
         7.8288          0.0000          2.3623          2.3623          0.6561          0.0714       [0.000,0.000,2.876,0.000,0.000,0.112]         -0.2178          0.0338
         6.0149          0.0000          2.0545          2.0545          0.5961          0.0421     [-0.000,-0.000,2.818,0.000,0.000,0.154]         -0.1786          0.0392
         4.9646          0.0000          1.7872          1.7872          0.7691          0.0249     [0.000,0.000,2.784,-0.000,-0.000,0.179]         -0.2961          0.1175
         1.5131          0.0000          0.0000          0.0000          1.3343          0.0444       [0.000,0.000,2.641,0.000,0.000,0.269]         -0.8912          0.5951
         3.7749          0.0000          0.9983          0.9983          0.9628          0.0038     [-0.000,-0.000,2.744,0.000,0.000,0.212]         -0.4635          0.4276
         7.1609          0.0000          2.2514          2.2514          0.6117          0.0614       [0.000,0.000,2.856,0.000,0.000,0.126]         -0.1890          0.2745
        -1.6931          0.0000          0.0000          0.0000          1.9810          0.3385     [-0.000,-0.000,1.908,0.000,0.000,0.200]         -2.0196          1.8306
        -6.6632          0.0000          0.0000          0.0000          2.7967          1.1234     [0.000,0.000,-0.006,0.000,0.000,-0.002]         -4.5417          2.5221
        -7.9926          0.0000          0.0000          0.0000          2.8035          1.1209     [0.000,0.000,-0.000,0.000,0.000,-0.001]         -4.5580          0.0164
         7.3023          0.0000          2.2767          2.2767          0.5900          0.0630   [-0.000,-0.000,2.860,-0.000,-0.000,0.125]         -0.1761          4.3820
         6.9588          0.0000          2.2165          2.2165          0.5723          0.0576     [-0.000,-0.000,2.849,0.000,0.000,0.132]         -0.1654          0.0106
         6.9736          0.0000          2.2212          2.2212          0.5776          0.0571       [0.000,0.000,2.848,0.000,0.000,0.133]         -0.1684          0.0030
         6.9476          0.0000          2.2155          2.2155          0.6086          0.0573       [0.000,0.000,2.848,0.000,0.000,0.132]         -0.1869          0.0184
        -9.3106          0.0000          0.0000          0.0000          2.8109          1.1209    [0.000,0.000,0.000,-0.000,-0.000,-0.001]         -4.5788          4.3919
        -5.3429          0.0000          0.0000          0.0000          2.7883          1.1287     [0.000,0.000,-0.019,0.000,0.000,-0.002]         -4.5244          0.0543
         0.3341          0.0000          0.0000          0.0000          1.3241          0.0661   [-0.000,-0.000,2.613,-0.000,-0.000,0.322]         -0.8788          3.6456
         2.0636          0.0000          0.0297          0.0297          1.2741          0.0288       [0.000,0.000,2.681,0.000,0.000,0.261]         -0.8121          0.0667
         0.9492          0.0000          0.0000          0.0000          1.4809          0.0569       [0.000,0.000,2.619,0.000,0.000,0.292]         -1.0981          0.2860
         2.9511          0.0000          0.4958          0.4958          1.1326          0.0114       [0.000,0.000,2.715,0.000,0.000,0.235]         -0.6415          0.4567
        -0.5050          0.0000          0.0000          0.0000          1.4810          0.1007     [-0.000,-0.000,2.513,0.000,0.000,0.321]         -1.1017          0.4602
         3.3714          0.0000          0.7596          0.7596          1.0555          0.0035   [-0.000,-0.000,2.730,-0.000,-0.000,0.223]         -0.5570          0.5447
         2.5260          0.0000          0.2321          0.2321          1.2200          0.0198     [-0.000,-0.000,2.699,0.000,0.000,0.248]         -0.7444          0.1874
        -3.6017          0.0000          0.0000          0.0000          2.2042          0.6693       [0.000,0.000,1.104,0.000,0.000,0.074]         -2.6533          1.9089
         6.3559          0.0000          2.1148          2.1148          0.6038          0.0474     [-0.000,-0.000,2.829,0.000,0.000,0.147]         -0.1834          2.4699
         8.5682          0.0000          2.4835          2.4835          0.7168          0.0834     [-0.000,-0.000,2.900,0.000,0.000,0.095]         -0.2604          0.0770
         5.9697          0.0000          2.0487          2.0487          0.6424          0.0413     [-0.000,-0.000,2.817,0.000,0.000,0.156]         -0.2072          0.0532
        -0.9727          0.0000          0.0000          0.0000          1.8430          0.1598     [0.000,0.000,2.352,-0.000,-0.000,0.289]         -1.7111          1.5039
         4.4042          0.0000          1.3730          1.3730          0.8574          0.0151     [0.000,0.000,2.766,-0.000,-0.000,0.195]         -0.3677          1.3434
         9.3423          0.0000          2.6143          2.6143          0.8274          0.0951     [0.000,0.000,2.924,-0.000,-0.000,0.079]         -0.3468          0.0209
         4.6865          0.0000          1.6282          1.6282          0.7470          0.0197       [0.000,0.000,2.774,0.000,0.000,0.187]         -0.2792          0.0676
         8.3078          0.0000          2.4405          2.4405          0.6841          0.0793     [-0.000,-0.000,2.892,0.000,0.000,0.101]         -0.2371          0.0421
         9.8807          0.0000          2.7042          2.7042          0.9215          0.1040       [0.000,0.000,2.943,0.000,0.000,0.068]         -0.4300          0.1929
         9.0593          0.0000          2.5658          2.5658          0.7853          0.0913       [0.000,0.000,2.916,0.000,0.000,0.084]         -0.3125          0.1175
         4.1277          0.0000          1.2153          1.2153          0.8893          0.0099     [0.000,0.000,2.756,-0.000,-0.000,0.203]         -0.3955          0.0830
         8.0676          0.0000          2.4012          2.4012          0.6651          0.0758       [0.000,0.000,2.885,0.000,0.000,0.106]         -0.2240          0.1714
         6.5566          0.0000          2.1487          2.1487          0.5744          0.0513       [0.000,0.000,2.837,0.000,0.000,0.142]         -0.1663          0.0578
         5.4065          0.0000          1.9449          1.9449          0.6904          0.0319     [0.000,0.000,2.798,-0.000,-0.000,0.169]         -0.2389          0.0726
         5.7981          0.0000          2.0152          2.0152          0.6399          0.0390     [-0.000,-0.000,2.812,0.000,0.000,0.159]         -0.2055          0.0334
         8.8173          0.0000          2.5252          2.5252          0.7540          0.0872     [-0.000,-0.000,2.908,0.000,0.000,0.090]         -0.2881          0.0826
         9.6126          0.0000          2.6603          2.6603          0.8717          0.0995     [-0.000,-0.000,2.933,0.000,0.000,0.073]         -0.3849          0.0968
         5.1934          0.0000          1.8876          1.8876          0.6495          2.1799     [0.000,0.000,-2.590,0.000,0.000,-0.148]         -2.5868          2.2019
        -4.2658          0.0000          0.0000          0.0000          2.7753          1.0062     [-0.000,-0.000,0.280,0.000,0.000,0.023]         -4.3573          1.7705
        -2.4301          0.0000          0.0000          0.0000          2.0460          0.3766   [-0.000,-0.000,1.815,-0.000,-0.000,0.192]         -2.1639          2.1934
        -3.0009          0.0000          0.0000          0.0000          2.1451          0.5717     [0.000,0.000,1.341,-0.000,-0.000,0.108]         -2.4641          0.3001
        -9.6517          0.0000          0.0000          0.0000          2.8121          1.1209      [0.000,0.000,0.000,0.000,0.000,-0.001]         -4.5823          2.1183
        -5.0097          0.0000          0.0000          0.0000          2.7844          1.1119   [-0.000,-0.000,0.022,-0.000,-0.000,0.001]         -4.4947          0.0877
        -8.9813          0.0000          0.0000          0.0000          2.8081          1.1209   [-0.000,-0.000,-0.000,0.000,0.000,-0.001]         -4.5710          0.0763
        -5.6677          0.0000          0.0000          0.0000          2.7899          1.1275   [-0.000,-0.000,-0.016,0.000,0.000,-0.002]         -4.5273          0.0436
        -6.3280          0.0000          0.0000          0.0000          2.7942          1.1250 [-0.000,-0.000,-0.010,-0.000,-0.000,-0.002]         -4.5367          0.0093
        -6.9923          0.0000          0.0000          0.0000          2.7985          1.1222     [0.000,0.000,-0.003,0.000,0.000,-0.001]         -4.5455          0.0088
        -7.6579          0.0000          0.0000          0.0000          2.8015          1.1209   [0.000,-0.000,0.000,-0.000,-0.000,-0.001]         -4.5526          0.0071
        -8.3196          0.0000          0.0000          0.0000          2.8050          1.1209   [0.000,0.000,-0.000,-0.000,-0.000,-0.001]         -4.5622          0.0096
        -1.4608          0.0000          0.0000          0.0000          1.9338          0.2699       [0.000,0.000,2.076,0.000,0.000,0.232]         -1.9063          2.6559
        -1.9223          0.0000          0.0000          0.0000          2.0007          0.3475   [-0.000,-0.000,1.886,-0.000,-0.000,0.200]         -2.0618          0.1555
         0.1696          0.0000          0.0000          0.0000          1.3536          0.0701   [-0.000,-0.000,2.602,-0.000,-0.000,0.324]         -0.9186          1.1433
         0.4997          0.0000          0.0000          0.0000          1.2942          0.0614   [-0.000,-0.000,2.623,-0.000,-0.000,0.316]         -0.8394          0.0791
         1.3716          0.0000          0.0000          0.0000          1.3637          0.0477     [-0.000,-0.000,2.633,0.000,0.000,0.271]         -0.9310          0.0916
         1.9260          0.0000          0.0000          0.0000          1.2817          0.0314       [0.000,0.000,2.676,0.000,0.000,0.265]         -0.8218          0.1091
         0.8115          0.0000          0.0000          0.0000          1.5246          0.0594     [0.000,0.000,2.616,-0.000,-0.000,0.299]         -1.1639          0.3421
         1.6523          0.0000          0.0000          0.0000          1.3111          0.0406     [0.000,0.000,2.650,-0.000,-0.000,0.266]         -0.8603          0.3037
        -0.1325          0.0000          0.0000          0.0000          1.4126          0.0838     [0.000,0.000,2.559,-0.000,-0.000,0.320]         -1.0012          0.1409
         2.1900          0.0000          0.1063          0.1063          1.2621          0.0265     [0.000,0.000,2.686,-0.000,-0.000,0.258]         -0.7969          0.2044
         1.0874          0.0000          0.0000          0.0000          1.4388          0.0557     [0.000,0.000,2.616,-0.000,-0.000,0.281]         -1.0366          0.2398
         3.8781          0.0000          1.0650          1.0650          0.9074          0.0055     [-0.000,-0.000,2.747,0.000,0.000,0.209]         -0.4117          0.6249
         3.0575          0.0000          0.5649          0.5649          1.1316          0.0093   [-0.000,-0.000,2.719,-0.000,-0.000,0.232]         -0.6403          0.2286
         5.5949          0.0000          1.9788          1.9788          0.6818          0.0354       [0.000,0.000,2.805,0.000,0.000,0.164]         -0.2330          0.4073
         3.4729          0.0000          0.8165          0.8165          1.0329          0.0015   [-0.000,-0.000,2.734,-0.000,-0.000,0.220]         -0.5334          0.3004
         2.6324          0.0000          0.2994          0.2994          1.1884          0.0171       [0.000,0.000,2.705,0.000,0.000,0.245]         -0.7064          0.1729
        -0.3879          0.0000          0.0000          0.0000          1.4610          0.0955       [0.000,0.000,2.526,0.000,0.000,0.319]         -1.0718          0.3655
        -3.7596          0.0000          0.0000          0.0000          2.2133          0.6799       [0.000,0.000,1.078,0.000,0.000,0.072]         -2.6805          1.6087
         5.0359          0.0000          1.8316          1.8316          0.7511          0.0261       [0.000,0.000,2.787,0.000,0.000,0.178]         -0.2824          2.3981
        -4.4724          0.0000          0.0000          0.0000          2.7816          1.0754     [-0.000,-0.000,0.111,0.000,0.000,0.011]         -4.4467          4.1643
        -2.5741          0.0000          0.0000          0.0000          2.0841          0.4526   [-0.000,-0.000,1.630,-0.000,-0.000,0.158]         -2.2741          2.1726
        -3.4391          0.0000          0.0000          0.0000          2.1775          0.6049   [-0.000,-0.000,1.260,-0.000,-0.000,0.101]         -2.5537          0.2795
        -0.8459          0.0000          0.0000          0.0000          1.8245          0.1442       [0.000,0.000,2.392,0.000,0.000,0.294]         -1.6748          0.8789
         2.8448          0.0000          0.4330          0.4330          1.1605          0.0134      [0.000,0.000,2.711,0.000,-0.000,0.238]         -0.6735          1.0013
         3.6742          0.0000          0.9450          0.9450          0.9897          0.0020       [0.000,0.000,2.740,0.000,0.000,0.214]         -0.4898          0.1837
         3.2688          0.0000          0.6910          0.6910          1.0782          0.0056     [0.000,0.000,2.726,-0.000,-0.000,0.226]         -0.5813          0.0915
         2.4189          0.0000          0.1619          0.1619          1.2337          0.0215     [-0.000,-0.000,2.696,0.000,0.000,0.251]         -0.7612          0.1799
        -0.6178          0.0000          0.0000          0.0000          1.5026          0.1068     [-0.000,-0.000,2.496,0.000,0.000,0.320]         -1.1346          0.3734
        -2.2872          0.0000          0.0000          0.0000          2.0329          0.3589       [0.000,0.000,1.858,0.000,0.000,0.203]         -2.1308          0.9961
         7.6099          0.0000          2.3259          2.3259          0.6093          0.0679     [0.000,0.000,2.869,-0.000,-0.000,0.117]         -0.1879          1.9429
        -1.1053          0.0000          0.0000          0.0000          1.8954          0.2523     [-0.000,-0.000,2.119,0.000,0.000,0.227]         -1.8282          1.6402
        -4.0754          0.0000          0.0000          0.0000          2.2322          0.6900     [0.000,0.000,1.053,-0.000,-0.000,0.074]         -2.7295          0.9013
        -2.8588          0.0000          0.0000          0.0000          2.1257          0.5358   [-0.000,-0.000,1.428,-0.000,-0.000,0.122]         -2.4028          0.3266
         7.4539          0.0000          2.2997          2.2997          0.5966          0.0658       [0.000,0.000,2.865,0.000,0.000,0.120]         -0.1801          2.2227
         4.6163          0.0000          1.5071          1.5071          0.8191          0.0183   [-0.000,-0.000,2.772,-0.000,-0.000,0.190]         -0.3357          0.1555
         9.1282          0.0000          2.5764          2.5764          0.7928          0.0919       [0.000,0.000,2.917,0.000,0.000,0.083]         -0.3185          0.0172
         5.3485          0.0000          1.9330          1.9330          0.7086          0.0311       [0.000,0.000,2.796,0.000,0.000,0.170]         -0.2515          0.0670
        -3.1448          0.0000          0.0000          0.0000          2.1573          0.5824     [-0.000,-0.000,1.315,0.000,0.000,0.105]         -2.4965          2.2450
         4.8915          0.0000          1.7489          1.7489          0.7650          0.0232     [0.000,0.000,2.781,-0.000,-0.000,0.182]         -0.2929          2.2036
         6.2258          0.0000          2.0920          2.0920          0.6327          0.0454     [0.000,0.000,2.825,-0.000,-0.000,0.150]         -0.2012          0.0917
         7.7610          0.0000          2.3532          2.3532          0.6299          0.0702       [0.000,0.000,2.874,0.000,0.000,0.114]         -0.2008          0.0003
         4.1986          0.0000          1.2585          1.2585          0.8998          0.0113     [0.000,0.000,2.758,-0.000,-0.000,0.200]         -0.4049          0.2041
         8.3739          0.0000          2.4510          2.4510          0.7034          0.0799     [-0.000,-0.000,2.893,0.000,0.000,0.100]         -0.2506          0.1543
         9.4124          0.0000          2.6280          2.6280          0.8384          0.0964     [0.000,0.000,2.927,-0.000,-0.000,0.078]         -0.3561          0.1055
         0.4170          0.0000          0.0000          0.0000          1.3094          0.0640     [-0.000,-0.000,2.618,0.000,0.000,0.320]         -0.8594          0.5033
         8.6372          0.0000          2.4962          2.4962          0.7328          0.0843       [0.000,0.000,2.902,0.000,0.000,0.094]         -0.2720          0.5873
        -1.5757          0.0000          0.0000          0.0000          1.9584          0.3111     [0.000,0.000,1.975,-0.000,-0.000,0.211]         -1.9660          1.6939
         6.0868          0.0000          2.0691          2.0691          0.6268          0.0433     [-0.000,-0.000,2.820,0.000,0.000,0.152]         -0.1974          1.7686
         9.6809          0.0000          2.6714          2.6714          0.8854          0.1004     [0.000,0.000,2.935,-0.000,-0.000,0.072]         -0.3970          0.1996
         6.7219          0.0000          2.1795          2.1795          0.5985          0.0533     [-0.000,-0.000,2.841,0.000,0.000,0.139]         -0.1805          0.2165
         4.4702          0.0000          1.4259          1.4259          0.8399          0.0160     [0.000,0.000,2.768,-0.000,-0.000,0.194]         -0.3529          0.1724
         8.1267          0.0000          2.4111          2.4111          0.6733          0.0761       [0.000,0.000,2.886,0.000,0.000,0.106]         -0.2296          0.1233
         4.7561          0.0000          1.5578          1.5578          0.8186          0.0193     [-0.000,-0.000,2.771,0.000,0.000,0.185]         -0.3353          0.1057
         7.8949          0.0000          2.3725          2.3725          0.6432          0.0723     [-0.000,-0.000,2.878,0.000,0.000,0.111]         -0.2094          0.1258
         8.8790          0.0000          2.5352          2.5352          0.7632          0.0881   [-0.000,-0.000,2.910,-0.000,-0.000,0.089]         -0.2951          0.0857
         6.5008          0.0000          2.1386          2.1386          0.5781          0.0501   [-0.000,-0.000,2.834,-0.000,-0.000,0.143]         -0.1683          0.1268
         4.0586          0.0000          1.1774          1.1774          0.8908          0.0090       [0.000,0.000,2.754,0.000,0.000,0.204]         -0.3968          0.2284
         9.9428          0.0000          2.7160          2.7160          0.9285          0.1046   [-0.000,-0.000,2.944,-0.000,-0.000,0.067]         -0.4365          0.0398
         8.5050          0.0000          2.4747          2.4747          0.7150          0.0822   [-0.000,-0.000,2.898,-0.000,-0.000,0.097]         -0.2590          0.1775
         9.2733          0.0000          2.6012          2.6012          0.8161          0.0943     [-0.000,-0.000,2.923,0.000,0.000,0.081]         -0.3374          0.0784
         0.0872          0.0000          0.0000          0.0000          1.3699          0.0736   [-0.000,-0.000,2.589,-0.000,-0.000,0.321]         -0.9410          0.6036
         4.3354          0.0000          1.3406          1.3406          0.8753          0.0136     [0.000,0.000,2.763,-0.000,-0.000,0.197]         -0.3832          0.5578
         6.8426          0.0000          2.1979          2.1979          0.5895          0.0556     [-0.000,-0.000,2.845,0.000,0.000,0.135]         -0.1753          0.2079
         8.2492          0.0000          2.4337          2.4337          0.6842          0.0784     [-0.000,-0.000,2.890,0.000,0.000,0.102]         -0.2371          0.0618
         9.5491          0.0000          2.6483          2.6483          0.8610          0.0990     [-0.000,-0.000,2.932,0.000,0.000,0.074]         -0.3756          0.1384
         5.7453          0.0000          2.0059          2.0059          0.6187          0.0375   [-0.000,-0.000,2.809,-0.000,-0.000,0.161]         -0.1921          0.1835
         8.0118          0.0000          2.3919          2.3919          0.6682          0.0743   [-0.000,-0.000,2.882,-0.000,-0.000,0.108]         -0.2260          0.0339
         8.7587          0.0000          2.5158          2.5158          0.7435          0.0863       [0.000,0.000,2.906,0.000,0.000,0.091]         -0.2802          0.0542
         9.0012          0.0000          2.5553          2.5553          0.7748          0.0901     [0.000,0.000,2.914,-0.000,-0.000,0.086]         -0.3042          0.0240
         6.6080          0.0000          2.1569          2.1569          0.6103          0.0518     [0.000,0.000,2.837,-0.000,-0.000,0.140]         -0.1876          0.1166
         5.4565          0.0000          1.9560          1.9560          0.6863          0.0325   [-0.000,-0.000,2.799,-0.000,-0.000,0.168]         -0.2360          0.0484
         9.8145          0.0000          2.6944          2.6944          0.9067          0.1028     [0.000,0.000,2.940,-0.000,-0.000,0.069]         -0.4164          0.1804
         5.8492          0.0000          2.0290          2.0290          0.6529          0.0390       [0.000,0.000,2.812,0.000,0.000,0.159]         -0.2139          0.2025
         5.5496          0.0000          1.9692          1.9692          0.6821          0.0346       [0.000,0.000,2.803,0.000,0.000,0.165]         -0.2332          0.0193
         7.4143          0.0000          2.2929          2.2929          0.5954          0.0652   [-0.000,-0.000,2.864,-0.000,-0.000,0.121]         -0.1794          0.0538
         5.6436          0.0000          1.9881          1.9881          0.6678          0.0358   [-0.000,-0.000,2.806,-0.000,-0.000,0.164]         -0.2236          0.0442
         5.0676          0.0000          1.8497          1.8497          0.7429          0.0261       [0.000,0.000,2.787,0.000,0.000,0.178]         -0.2763          0.0527
        -1.3430          0.0000          0.0000          0.0000          1.9201          0.2625       [0.000,0.000,2.094,0.000,0.000,0.230]         -1.8779          1.6016
        -2.0325          0.0000          0.0000          0.0000          2.0105          0.3491     [-0.000,-0.000,1.882,0.000,0.000,0.202]         -2.0821          0.2042
         0.2530          0.0000          0.0000          0.0000          1.3384          0.0676     [0.000,0.000,2.608,-0.000,-0.000,0.322]         -0.8980          1.1841
         1.2973          0.0000          0.0000          0.0000          1.3795          0.0497       [0.000,0.000,2.628,0.000,0.000,0.272]         -0.9527          0.0548
         1.7223          0.0000          0.0000          0.0000          1.3006          0.0373       [0.000,0.000,2.658,0.000,0.000,0.264]         -0.8464          0.1063
         6.3981          0.0000          2.1205          2.1205          0.6119          0.0486     [0.000,0.000,2.831,-0.000,-0.000,0.145]         -0.1884          0.6581
         3.9314          0.0000          1.1017          1.1017          0.9373          0.0070     [0.000,0.000,2.750,-0.000,-0.000,0.207]         -0.4393          0.2509
         7.5718          0.0000          2.3192          2.3192          0.6291          0.0673     [0.000,0.000,2.868,-0.000,-0.000,0.118]         -0.2001          0.2391
         1.9948          0.0000          0.0000          0.0000          1.2777          0.0304       [0.000,0.000,2.677,0.000,0.000,0.262]         -0.8168          0.6166
         0.5765          0.0000          0.0000          0.0000          1.2806          0.0605     [0.000,0.000,2.625,-0.000,-0.000,0.315]         -0.8218          0.0051
         7.2006          0.0000          2.2579          2.2579          0.6072          0.0620       [0.000,0.000,2.857,0.000,0.000,0.125]         -0.1863          0.6356
         6.2630          0.0000          2.0976          2.0976          0.5986          0.0462       [0.000,0.000,2.826,0.000,0.000,0.148]         -0.1802          0.0060
         7.6500          0.0000          2.3323          2.3323          0.6291          0.0688     [0.000,0.000,2.871,-0.000,-0.000,0.116]         -0.2002          0.0200
         6.0538          0.0000          2.0604          2.0604          0.6313          0.0427     [0.000,0.000,2.819,-0.000,-0.000,0.153]         -0.2002      2.3289e-05
         6.8757          0.0000          2.2053          2.2053          0.5697          0.0562   [-0.000,-0.000,2.846,-0.000,-0.000,0.134]             nan             nan