U_ele_1 U_ele_2 band_gap delta_gap delta_band delta_mag mag_moment obj_func d_obj 
0.0 0 0.0 0.0 1.3863117962971963 0.07847080136373445 [0.000,0.000,2.576,0.000,0.000,0.323] -0.9640090316097132 N/A
-9.99195950217285 0 0.0 0.0 2.814356281719396 1.1201328790222467 [-0.000,-0.000,0.002,-0.000,-0.000,-0.001] -4.587649473560045 3.6236404419503323
-0.260995071520858 0 0.0 0.0 1.4386158717891537 0.09626093011532075 [-0.000,-0.000,2.523,0.000,0.000,0.317] -1.0394408966151663 3.5482085769448792
10.0 0 2.727641 2.727641 0.9422356119709547 0.10493251799767941 [-0.000,-0.000,2.945,-0.000,-0.000,0.067] -0.4494093908998065 0.5900315057153598
5.89834482683457 0 2.034335999999999 2.034335999999999 0.6165087302778967 0.04042482735481579 [0.000,0.000,2.815,0.000,0.000,0.157] -0.1908585905877655 0.25855080031204103
3.9862581639988544 0 1.1268600000000006 1.1268600000000006 0.9311775195013029 0.008416254115301738 [-0.000,-0.000,2.753,0.000,0.000,0.205] -0.43358120307896625 0.24272261249120075
7.954913699104427 0 2.3844019999999997 2.3844019999999997 0.6400385090179794 0.07373036461775197 [0.000,0.000,2.881,0.000,0.000,0.109] -0.2075427298463124 0.22603847323265386
6.899274911452748 0 2.20613 2.20613 0.5880351246757006 0.056429897513050054 [-0.000,-0.000,2.846,-0.000,-0.000,0.133] -0.17448482059285006 0.03305790925346233
6.441078317400233 0 2.126991000000001 2.126991000000001 0.620287243846842 0.049667225947633974 [-0.000,-0.000,2.832,0.000,0.000,0.142] -0.19361154910622244 0.019126728513372382
-4.677743462825788 0 0.0 0.0 2.7820017267527075 1.1024714659950767 [0.000,0.000,0.045,0.000,0.000,0.004] -4.4774884704941895 4.283876921387967
2.3143654481112366 0 0.0941749999999999 0.0941749999999999 1.2435722363430712 0.02352658071203716 [-0.000,-0.000,2.692,0.000,0.000,0.254] -0.7735127035016538 3.703975766992536
8.94054843841296 0 2.546317000000001 2.546317000000001 0.7642430921607118 0.0892431136465628 [-0.000,-0.000,2.912,0.000,0.000,0.087] -0.29601591862434984 0.47749678487730396
5.096168495996649 0 1.864834 1.864834 0.6960493248304143 0.026714540360385428 [0.000,0.000,2.788,0.000,0.000,0.177] -0.2425991646317711 0.053416753992578725
7.375078165254427 0 2.28726 2.28726 0.5982204894640066 0.06409628174343136 [-0.000,-0.000,2.862,0.000,0.000,0.123] -0.1809880436739445 0.061611120957826615
7.093876855896649 0 2.2399190000000004 2.2399190000000004 0.5844255040495283 0.05968947422563996 [0.000,0.000,2.853,0.000,0.000,0.129] -0.17255800155843928 0.008430042115505215
7.077400865063938 0 2.2366 2.2366 0.6192054138539073 0.058793423668524886 [0.000,0.000,2.851,0.000,0.000,0.130] -0.19343600560632762 0.020878004047888338
-7.329026793951277 0 0.0 0.0 2.800243154381665 1.1213537205835928 [-0.000,-0.000,-0.001,-0.000,-0.000,-0.001] -4.549397945164022 4.355961939557694
-2.152125208703662 0 0.0 0.0 2.0207736944491392 0.3519633030113604 [0.000,0.000,1.875,-0.000,-0.000,0.203] -2.103702245422145 2.4456956997418766
1.2228230539352962 0 0.0 0.0 1.3985141019528469 0.0540431926024607 [0.000,0.000,2.619,-0.000,-0.000,0.278] -0.9793811800138221 1.1243210654083229
-3.2884813761493574 0 0.0 0.0 2.1681550002045165 0.5925979525220564 [-0.000,-0.000,1.290,0.000,0.000,0.103] -2.52603421912259 1.5466530391087678
3.1636858374557115 0 0.6312040000000003 0.6312040000000003 1.1094978902719828 0.007268654162452253 [-0.000,-0.000,2.723,0.000,0.000,0.229] -0.615519200925657 1.910515018196933
-5.999139243498997 0 0.0 0.0 2.792200468844681 1.1262696539165624 [-0.000,-0.000,-0.013,0.000,0.000,-0.002] -4.532433395774895 3.916914194849238
-8.646173447639654 0 0.0 0.0 2.8082566433171805 1.1209467724502653 [0.000,0.000,-0.000,-0.000,-0.000,-0.001] -4.571413520700872 0.03898012492597758
-1.2277166382369886 0 0.0 0.0 1.9077758229373187 0.2588683706699861 [-0.000,-0.000,2.103,0.000,0.000,0.229] -1.8533107119587486 2.718102808742124
9.48051530088274 0 2.638045000000001 2.638045000000001 0.849593758201811 0.09749188000375544 [-0.000,-0.000,2.929,0.000,0.000,0.076] -0.365657110321072 1.4876536016376767
4.544137416949132 0 1.4678870000000002 1.4678870000000002 0.8151129561946228 0.016901676445449598 [-0.000,-0.000,2.770,0.000,0.000,0.193] -0.33234739901150184 0.03330971130957017
0.6597011397130875 0 0.0 0.0 1.5738160097303677 0.06033931830351855 [0.000,0.000,2.619,0.000,0.000,0.307] -1.2402688329084748 0.907921433896973
8.43939665625043 0 2.4657779999999994 2.4657779999999994 0.6950504513004724 0.08075167696917092 [-0.000,-0.000,2.895,-0.000,-0.000,0.099] -0.24480798159316183 0.9954608513153129
1.7909986739209156 0 0.0 0.0 1.2904319548383172 0.035451845274024 [0.000,0.000,2.666,0.000,0.000,0.268] -0.8332357317005871 0.5884277501074252
5.500991074382006 0 1.9619850000000003 1.9619850000000003 0.6456315841543102 0.033409080601936175 [-0.000,-0.000,2.801,-0.000,-0.000,0.167] -0.2089781545621354 0.6242575771384516
3.573039652008307 0 0.8760009999999996 0.8760009999999996 0.9910652259810342 0.0 [-0.000,-0.000,2.737,0.000,0.000,0.218] -0.49110514107441916 0.28212698651228374
2.7376272390717107 0 0.37176600000000004 0.37176600000000004 1.1599297022853345 0.015367715076310655 [0.000,0.000,2.708,0.000,0.000,0.242] -0.6728365404552055 0.1817313993807863
-2.716594026929484 0 0.0 0.0 2.1074063230192936 0.49831783699428894 [0.000,0.000,1.519,0.000,0.000,0.138] -2.344741038484183 1.6719044980289774
4.822337074490573 0 1.7058350000000004 1.7058350000000004 0.7532057647604011 0.022060522810365673 [0.000,0.000,2.779,-0.000,-0.000,0.184] -0.2839027953674837 2.060838243116699
8.188440704617829 0 2.4219419999999996 2.4219419999999996 0.6848872007446792 0.07724096495168 [-0.000,-0.000,2.888,-0.000,-0.000,0.104] -0.2375183222052746 0.04638447316220909
6.659362876741408 0 2.1660749999999993 2.1660749999999993 0.6158502473773455 0.052348193219377996 [0.000,0.000,2.838,0.000,0.000,0.139] -0.1910059302640355 0.0465123919412391
6.156434060390649 0 2.078836 2.078836 0.6332301465238478 0.0445065538245024 [0.000,0.000,2.823,-0.000,-0.000,0.151] -0.20148062589997354 0.01047469563593803
9.75037817408883 0 2.6842060000000005 2.6842060000000005 0.8954422845424169 0.10133196271002871 [-0.000,-0.000,2.937,0.000,0.000,0.071] -0.4060425258066047 0.20456189990663118
8.700027025468529 0 2.5055379999999996 2.5055379999999996 0.7304623403011384 0.0854058936295772 [-0.000,-0.000,2.904,0.000,0.000,0.092] -0.2704346986324414 0.1356078271741633
7.687682335517433 0 2.340655999999999 2.340655999999999 0.6433065588220485 0.06875075757158361 [-0.000,-0.000,2.871,-0.000,-0.000,0.116] -0.20928499764506617 0.06114970098737524
4.267385260381966 0 1.2985420000000012 1.2985420000000012 0.8311389858192832 0.013070322617798403 [-0.000,-0.000,2.762,-0.000,-0.000,0.198] -0.34548142354102 0.13619642589595385
5.696151502214149 0 1.9970619999999988 1.9970619999999988 0.67990593470743 0.0369165726108658 [0.000,0.000,2.808,0.000,0.000,0.162] -0.2318174566918587 0.11366396684916133
9.205349851876928 0 2.590083 2.590083 0.8081859129011386 0.09340949273673055 [0.000,0.000,2.921,-0.000,-0.000,0.082] -0.3309449015725901 0.09912744488073141
5.301955681636061 0 1.9244269999999997 1.9244269999999997 0.712117413488032 0.030476767107640038 [-0.000,-0.000,2.795,0.000,0.000,0.171] -0.2540200219631091 0.07692487960948102
7.23811998637666 0 2.2640520000000004 2.2640520000000004 0.5907859602228749 0.06173059749157358 [-0.000,-0.000,2.857,0.000,0.000,0.126] -0.1764193587315655 0.07760066323154358
-0.7322765761766714 0 0.0 0.0 1.5233747855152762 0.1145811211907674 [-0.000,-0.000,2.474,-0.000,-0.000,0.316] -1.1668997852385237 0.9904804265069582
-3.913941625973094 0 0.0 0.0 2.2214072316807827 0.683526273574518 [0.000,0.000,1.069,0.000,0.000,0.073] -2.7009291278151726 1.534029342576649
7.5327354367403245 0 2.3131570000000004 2.3131570000000004 0.6227784849382679 0.0667095695284167 [0.000,0.000,2.867,-0.000,-0.000,0.119] -0.19615160398433554 2.504777523830837
6.301952952771135 0 2.1044480000000005 2.1044480000000005 0.5969489335796426 0.046547466812563096 [-0.000,-0.000,2.827,0.000,0.000,0.148] -0.17925734798426962 0.016894256000065916
6.786012503445265 0 2.187816999999999 2.187816999999999 0.6040996209380102 0.054711363840918174 [-0.000,-0.000,2.843,-0.000,-0.000,0.136] -0.18396484267539046 0.004707494691120834
7.828763161663934 0 2.362306000000001 2.362306000000001 0.6561169510403163 0.07136408994258474 [0.000,0.000,2.876,0.000,0.000,0.112] -0.21779114338788708 0.03382630071249662
6.014891373510732 0 2.0544699999999994 2.0544699999999994 0.5961010240522533 0.04214459237751227 [-0.000,-0.000,2.818,0.000,0.000,0.154] -0.17855629877140586 0.03923484461648122
4.964563945914346 0 1.7872250000000003 1.7872250000000003 0.7690811711291933 0.024933244206614233 [0.000,0.000,2.784,-0.000,-0.000,0.179] -0.29605375722605903 0.11749745845465318
1.5131435692841553 0 0.0 0.0 1.3343044587364992 0.044379049111038904 [0.000,0.000,2.641,0.000,0.000,0.269] -0.891168944302051 0.5951151870759919
3.7749069518514085 0 0.9982890000000006 0.9982890000000006 0.9628484703502862 0.0037638632635454425 [-0.000,-0.000,2.744,0.000,0.000,0.212] -0.4635456717612763 0.42762327254077465
7.1609344546090625 0 2.2514079999999996 2.2514079999999996 0.611742188787951 0.061407111423135055 [0.000,0.000,2.856,0.000,0.000,0.126] -0.18899966943820318 0.27454600232307314
-1.6930618784471536 0 0.0 0.0 1.9810494074041975 0.3385176017087837 [-0.000,-0.000,1.908,0.000,0.000,0.200] -2.0195754606215934 1.8305757911833902
-6.663168789061859 0 0.0 0.0 2.796653354115369 1.1234210400973152 [0.000,0.000,-0.006,0.000,0.000,-0.002] -4.541672408209039 2.5220969475874457
-7.992591143053631 0 0.0 0.0 2.803491094374171 1.1209467724502653 [0.000,0.000,-0.000,0.000,0.000,-0.001] -4.558041991450977 0.01636958324193749
7.3022828839029295 0 2.2767110000000006 2.2767110000000006 0.5900427716624425 0.0629523629421485 [-0.000,-0.000,2.860,-0.000,-0.000,0.125] -0.1760567361955486 4.381985255255428
6.958787848869523 0 2.2165300000000006 2.2165300000000006 0.5722716857740935 0.05764835932906796 [-0.000,-0.000,2.849,0.000,0.000,0.132] -0.16540910783602808 0.010647628359520517
6.973583130366659 0 2.221185 2.221185 0.5776101108197417 0.05707597276145766 [0.000,0.000,2.848,0.000,0.000,0.133] -0.16844555339393047 0.0030364455579023897
6.947609757544505 0 2.215504 2.215504 0.6086489363152391 0.057325096307521875 [0.000,0.000,2.848,0.000,0.000,0.132] -0.1868698471721693 0.018424293778238843
-9.310595990274814 0 0.0 0.0 2.8108692035784575 1.1209467724502653 [0.000,0.000,0.000,-0.000,-0.000,-0.001] -4.578753673146228 4.391883825974059
-5.34291805512008 0 0.0 0.0 2.788339256484603 1.1287113596191602 [0.000,0.000,-0.019,0.000,0.000,-0.002] -4.524412571293221 0.05434110185300778
0.33412719535224333 0 0.0 0.0 1.3240783969905932 0.06607066923630589 [-0.000,-0.000,2.613,-0.000,-0.000,0.322] -0.8787744673552561 3.6456381039379644
2.0635910846505094 0 0.02972800000000042 0.02972800000000042 1.274131136396103 0.028824179664533985 [0.000,0.000,2.681,0.000,0.000,0.261] -0.8121204930336791 0.06665397432157705
0.949166912960278 0 0.0 0.0 1.4808942970046028 0.05686240703077322 [0.000,0.000,2.619,0.000,0.000,0.292] -1.098140626117045 0.28602013308336594
2.951059716328544 0 0.49579100000000054 0.49579100000000054 1.1326071558024997 0.011350477229321023 [0.000,0.000,2.715,0.000,0.000,0.235] -0.6414639013541806 0.45667672476286436
-0.5050234521105814 0 0.0 0.0 1.4809525514140562 0.10065204088012 [-0.000,-0.000,2.513,0.000,0.000,0.321] -1.101675646436568 0.4602117450823874
3.371370488314689 0 0.7596490000000005 0.7596490000000005 1.05545464136209 0.0035118845842842866 [-0.000,-0.000,2.730,-0.000,-0.000,0.223] -0.5569984166530556 0.5446772297835124
2.5259937784640956 0 0.23206400000000027 0.23206400000000027 1.219996232170488 0.01976528944049821 [-0.000,-0.000,2.699,0.000,0.000,0.248] -0.744390736588427 0.18739231993537142
-3.6016987591229093 0 0.0 0.0 2.204237912261871 0.6692564281847927 [0.000,0.000,1.104,0.000,0.000,0.074] -2.653284470259619 1.908893733671192
6.355926636045655 0 2.114802 2.114802 0.6038258167216429 0.04744294819394486 [-0.000,-0.000,2.829,0.000,0.000,0.147] -0.18342822513644622 2.469856245123173
8.56824154747056 0 2.4835339999999997 2.4835339999999997 0.7168055784284797 0.08336466077821379 [-0.000,-0.000,2.900,0.000,0.000,0.095] -0.260379951966427 0.07695172682998078
5.969743464293538 0 2.0486590000000007 2.0486590000000007 0.6423874913269081 0.04131989028704378 [-0.000,-0.000,2.817,0.000,0.000,0.156] -0.20718451117330589 0.05319544079312111
-0.9727103986835708 0 0.0 0.0 1.842993949809028 0.1598259469965167 [0.000,0.000,2.352,-0.000,-0.000,0.289] -1.7110855161830076 1.5039010050097017
4.40415493550489 0 1.3729589999999998 1.3729589999999998 0.8573992624553974 0.015110702608857487 [0.000,0.000,2.766,-0.000,-0.000,0.195] -0.36768091429619637 1.3434046018868113
9.342302732289212 0 2.614282 2.614282 0.8273760460348751 0.09512272774333862 [0.000,0.000,2.924,-0.000,-0.000,0.079] -0.34679972744281856 0.02088118685337781
4.6865363456431135 0 1.6281879999999997 1.6281879999999997 0.7470383536501483 0.019706175005143243 [0.000,0.000,2.774,0.000,0.000,0.187] -0.2792273175788286 0.06757240986398994
8.307820061003216 0 2.440538 2.440538 0.6840619961834273 0.07928219640415278 [-0.000,-0.000,2.892,0.000,0.000,0.101] -0.237113240644561 0.042114076934267636
9.880747393076032 0 2.70416 2.70416 0.9214737924058731 0.1040320463447041 [0.000,0.000,2.943,0.000,0.000,0.068] -0.4299683083787645 0.1928550677342035
9.059328075213966 0 2.565778999999999 2.565778999999999 0.7852666085824376 0.09128435426365969 [0.000,0.000,2.916,0.000,0.000,0.084] -0.3124882399439483 0.11748006843481618
4.127693807492378 0 1.2152910000000006 1.2152910000000006 0.8892950710140612 0.009882644720248957 [0.000,0.000,2.756,-0.000,-0.000,0.203] -0.39547169499828544 0.08298345505433713
8.067574002217057 0 2.401184999999999 2.401184999999999 0.6650811078126403 0.07577158658318643 [0.000,0.000,2.885,0.000,0.000,0.106] -0.2240371066513111 0.17143458834697434
6.556603986249524 0 2.1487179999999997 2.1487179999999997 0.5743921473513919 0.05127702539474512 [0.000,0.000,2.837,0.000,0.000,0.142] -0.1662778361361382 0.057759270515172906
5.4064505065991515 0 1.9449409999999991 1.9449409999999991 0.690435739214642 0.03194265695482034 [0.000,0.000,2.798,-0.000,-0.000,0.169] -0.23886092165910122 0.07258308552296303
5.7981328373288825 0 2.0151530000000006 2.0151530000000006 0.6398816395006571 0.03895724151767756 [-0.000,-0.000,2.812,0.000,0.000,0.159] -0.2054830896183578 0.03337783204074343
8.81734933796765 0 2.525245999999999 2.525245999999999 0.7540113455831584 0.08720187306856807 [-0.000,-0.000,2.908,0.000,0.000,0.090] -0.2880686379673959 0.08258554834903811
9.612615267325634 0 2.6603009999999996 2.6603009999999996 0.8717265752341449 0.09953307657926241 [-0.000,-0.000,2.933,0.000,0.000,0.073] -0.3849070276513923 0.09683838968399638
5.193397354391077 0 1.8876330000000001 1.8876330000000001 0.6495158767404253 2.1798656304154775 [0.000,0.000,-2.590,0.000,0.000,-0.148] -2.5868425204022745 2.201935492750882
-4.265767007871388 0 0.0 0.0 2.775284785287824 1.0062201548369025 [-0.000,-0.000,0.280,0.000,0.000,0.023] -4.357342319725042 1.7704997993227676
-2.430096414963254 0 0.0 0.0 2.0459849113297928 0.3765545555870137 [-0.000,-0.000,1.815,-0.000,-0.000,0.192] -2.1639237953612565 2.1934185243637856
-3.0008558036679256 0 0.0 0.0 2.1450667026659773 0.5716811465610296 [0.000,0.000,1.341,-0.000,-0.000,0.108] -2.464065246109811 0.3001414507485545
-9.651656293955718 0 0.0 0.0 2.8121436738701666 1.1209467724502653 [0.000,0.000,0.000,0.000,0.000,-0.001] -4.582336854577332 2.1182716084675213
-5.00968548625969 0 0.0 0.0 2.7844178219478057 1.1119288046753113 [-0.000,-0.000,0.022,-0.000,-0.000,0.001] -4.494684136923614 0.08765271765371807
-8.981312183048638 0 0.0 0.0 2.80810322402474 1.1209467724502653 [-0.000,-0.000,-0.000,0.000,0.000,-0.001] -4.570982691722403 0.07629855479878866
-5.667655833424412 0 0.0 0.0 2.789885660961486 1.1274905025468434 [-0.000,-0.000,-0.016,0.000,0.000,-0.002] -4.52734841728592 0.04363427443648238
-6.328042445529622 0 0.0 0.0 2.794211599452158 1.1250488137558003 [-0.000,-0.000,-0.010,-0.000,-0.000,-0.002] -4.53667664792316 0.009328230637239976
-6.9922872437834265 0 0.0 0.0 2.7985285224260026 1.1221676196837382 [0.000,0.000,-0.003,0.000,0.000,-0.001] -4.545511028749266 0.008834380826105992
-7.657914015258808 0 0.0 0.0 2.801547588981763 1.1209467724502653 [0.000,-0.000,0.000,-0.000,-0.000,-0.001] -4.552595279998099 0.007084251248832274
-8.319574404025495 0 0.0 0.0 2.804979212357544 1.1209467724502653 [0.000,0.000,-0.000,-0.000,-0.000,-0.001] -4.562215024212307 0.009619744214208303
-1.4607828851472437 0 0.0 0.0 1.9338446941324208 0.2699126401881419 [0.000,0.000,2.076,0.000,0.000,0.232] -1.9063040671787246 2.6559109570335826
-1.9223272489765204 0 0.0 0.0 2.000725339358721 0.3474970023851526 [-0.000,-0.000,1.886,-0.000,-0.000,0.200] -2.0618280251093686 0.155523957930644
0.1696402685923193 0 0.0 0.0 1.3535922324067942 0.07007258141860251 [-0.000,-0.000,2.602,-0.000,-0.000,0.324] -0.9185610491493377 1.143266975960031
0.49972334141110153 0 0.0 0.0 1.2942394825964962 0.0613731754650732 [-0.000,-0.000,2.623,-0.000,-0.000,0.316] -0.8394112524891565 0.07914979666018118
1.371627854759252 0 0.0 0.0 1.3636935211200356 0.04765326151831936 [-0.000,-0.000,2.633,0.000,0.000,0.271] -0.9309654264390471 0.09155417394989063
1.9260451919185773 0 0.0 0.0 1.2816670813458235 0.03143776921687244 [0.000,0.000,2.676,0.000,0.000,0.265] -0.8218294203694276 0.10913600606961948
0.8115302093469694 0 0.0 0.0 1.5245815496065172 0.05944465212840148 [0.000,0.000,2.616,-0.000,-0.000,0.299] -1.1639412840336378 0.3421118636642102
1.652325114878316 0 0.0 0.0 1.311080335121018 0.040564763033943706 [0.000,0.000,2.650,-0.000,-0.000,0.266] -0.8602885725705205 0.30365271146311734
-0.132531889007252 0 0.0 0.0 1.412607872505001 0.08375360688750463 [0.000,0.000,2.559,-0.000,-0.000,0.320] -1.001237834064886 0.14094926149436549
2.190038515469933 0 0.10625100000000032 0.10625100000000032 1.262145241394567 0.026460662627127644 [0.000,0.000,2.686,-0.000,-0.000,0.258] -0.7968553885208083 0.2043824455440777
1.0873997006491365 0 0.0 0.0 1.4387893469326793 0.055692608725634925 [0.000,0.000,2.616,-0.000,-0.000,0.281] -1.036608225756816 0.23975283723600782
3.8780912759035586 0 1.0650240000000002 1.0650240000000002 0.9073565978648358 0.005492419017761298 [-0.000,-0.000,2.747,0.000,0.000,0.209] -0.411663081177758 0.6249451445790581
3.0574522918196316 0 0.5648949999999999 0.5648949999999999 1.1315993941657385 0.009309493362512708 [-0.000,-0.000,2.719,-0.000,-0.000,0.232] -0.6403019277714662 0.2286388465937082
5.594885909652 0 1.9787759999999999 1.9787759999999999 0.6817714551096589 0.03544949458972113 [0.000,0.000,2.805,0.000,0.000,0.164] -0.23303449183450414 0.4072674359369621
3.4729006041414747 0 0.8165300000000011 0.8165300000000011 1.0328856814498775 0.0014719601443880135 [-0.000,-0.000,2.734,-0.000,-0.000,0.220] -0.5334274988054225 0.30039300697091836
2.6324149050032037 0 0.2994139999999996 0.2994139999999996 1.1884495641392685 0.017092883509421897 [0.000,0.000,2.705,0.000,0.000,0.245] -0.7063522665847419 0.17292476777931942
-0.3878799324534654 0 0.0 0.0 1.4610105239585447 0.095500436299178 [0.000,0.000,2.526,0.000,0.000,0.319] -1.0718360422254771 0.3654837756407352
-3.7595945664258394 0 0.0 0.0 2.2133279822106 0.6799015860157017 [0.000,0.000,1.078,0.000,0.000,0.072] -2.6805434617515562 1.608707419526079
5.03593578879141 0 1.8316179999999997 1.8316179999999997 0.7510727098696898 0.026140645235596817 [0.000,0.000,2.787,0.000,0.000,0.178] -0.28239677442216626 2.39814668732939
-4.472415636011042 0 0.0 0.0 2.781552758578472 1.0753855897614895 [-0.000,-0.000,0.111,0.000,0.000,0.011] -4.446744957711087 4.16434818328892
-2.5741247744189106 0 0.0 0.0 2.084087965254823 0.4525941890921713 [-0.000,-0.000,1.630,-0.000,-0.000,0.158] -2.2741320734599944 2.172612884251093
-3.4391019245776278 0 0.0 0.0 2.1774896058466364 0.604871611721584 [-0.000,-0.000,1.260,-0.000,-0.000,0.101] -2.5536653251184034 0.27953325165840903
-0.8458942463916159 0 0.0 0.0 1.824487954850577 0.1442226288301066 [0.000,0.000,2.392,0.000,0.000,0.294] -1.6747782320307538 0.8788870930876496
2.844791416598712 0 0.4330210000000001 0.4330210000000001 1.1605455289121804 0.013391539617733855 [0.000,0.000,2.711,0.000,-0.000,0.238] -0.6735226290056929 1.001255603025061
3.674165377310338 0 0.9450270000000005 0.9450270000000005 0.9897355610874891 0.0020412414523193444 [0.000,0.000,2.740,0.000,0.000,0.214] -0.48979032377391685 0.18373230523177608
3.268829956368961 0 0.691034000000001 0.691034000000001 1.0782350108866985 0.005552777082985936 [0.000,0.000,2.726,-0.000,-0.000,0.226] -0.5813107860175861 0.09152046224366928
2.4189407618287357 0 0.1619320000000002 0.1619320000000002 1.2336917904567728 0.021486429825977735 [-0.000,-0.000,2.696,0.000,0.000,0.251] -0.7612285502535522 0.17991776423596606
-0.6177892655595603 0 0.0 0.0 1.502616613860618 0.1068371034176174 [-0.000,-0.000,2.496,0.000,0.000,0.320] -1.1346354274583081 0.37340687720475596
-2.287192136669674 0 0.0 0.0 2.0329177623650425 0.35890249372218075 [0.000,0.000,1.858,0.000,0.000,0.203] -2.1307828142696454 0.9961473868113373
7.609948270530623 0 2.325868 2.325868 0.6092646243173078 0.06785400995274098 [0.000,0.000,2.869,-0.000,-0.000,0.117] -0.18790377455558843 1.942879039714057
-1.1053329235413543 0 0.0 0.0 1.895424896426799 0.25232419622382624 [-0.000,-0.000,2.119,0.000,0.000,0.227] -1.8281515189972708 1.6402477444416823
-4.075375434567063 0 0.0 0.0 2.2322279227854795 0.6899990338157487 [0.000,0.000,1.053,-0.000,-0.000,0.074] -2.729470082964922 0.9013185639676513
-2.858767822344161 0 0.0 0.0 2.1256860701448685 0.535832218765041 [-0.000,-0.000,1.428,-0.000,-0.000,0.122] -2.4028287177373007 0.32664136522762144
7.4538544596974425 0 2.2996659999999993 2.2996659999999993 0.596619761431534 0.06581286601670937 [0.000,0.000,2.865,0.000,0.000,0.120] -0.18014323653197692 2.222685481205324
4.616296313758326 0 1.5071320000000004 1.5071320000000004 0.8191276750549409 0.01829845166491771 [-0.000,-0.000,2.772,-0.000,-0.000,0.190] -0.33565249068712305 0.15550925415514613
9.12815412643059 0 2.5763870000000004 2.5763870000000004 0.7928091416721967 0.0918558653543691 [0.000,0.000,2.917,0.000,0.000,0.083] -0.3184919175595027 0.01716057312762037
5.348470354829065 0 1.932976000000001 1.932976000000001 0.7085990769892205 0.031051033262464244 [0.000,0.000,2.796,0.000,0.000,0.170] -0.251538409288321 0.06695350827118168
-3.144792468970279 0 0.0 0.0 2.1572803653109247 0.5823591389054238 [-0.000,-0.000,1.315,0.000,0.000,0.105] -2.496500370611352 2.244961961323031
4.891485365733301 0 1.7488679999999999 1.7488679999999999 0.7649971320723128 0.02320919358070563 [0.000,0.000,2.781,-0.000,-0.000,0.182] -0.2928796393727651 2.203620731238587
6.225817834080068 0 2.092015 2.092015 0.6326861249860359 0.045401908917283816 [0.000,0.000,2.825,-0.000,-0.000,0.150] -0.2011765330415896 0.09170310633117551
7.7609875456242285 0 2.3532220000000006 2.3532220000000006 0.6298713176565622 0.07021989271804205 [0.000,0.000,2.874,0.000,0.000,0.114] -0.20083435506987363 0.0003421779717159845
4.198572068367239 0 1.2584730000000004 1.2584730000000004 0.8998344068505439 0.011291589790636183 [0.000,0.000,2.758,-0.000,-0.000,0.200] -0.4049147298760351 0.20408037480616148
8.373874195073356 0 2.4509499999999997 2.4509499999999997 0.7034471715285826 0.07985403350280217 [-0.000,-0.000,2.893,0.000,0.000,0.100] -0.2506072948991149 0.15430743497692023
9.412373968678878 0 2.6280280000000005 2.6280280000000005 0.8383645717177767 0.09635005621863088 [0.000,0.000,2.927,-0.000,-0.000,0.078] -0.3560692442224322 0.10546194932331732
0.41696681107578293 0 0.0 0.0 1.3094446791661503 0.06398567548027195 [-0.000,-0.000,2.618,0.000,0.000,0.320] -0.8593697672316047 0.5033005230091725
8.637222332730811 0 2.4961699999999993 2.4961699999999993 0.7328004589625086 0.08426248671067493 [0.000,0.000,2.902,0.000,0.000,0.094] -0.27204833966116493 0.5873214275704398
-1.5757224203961062 0 0.0 0.0 1.9583628722163144 0.31109832314987923 [0.000,0.000,1.975,-0.000,-0.000,0.211] -1.9659836529709998 1.6939353133098347
6.086831924145336 0 2.0690910000000002 2.0690910000000002 0.6268054377212343 0.04329164661533053 [-0.000,-0.000,2.820,0.000,0.000,0.152] -0.19737961171178742 1.7686040412592123
9.680945287670802 0 2.6714329999999995 2.6714329999999995 0.8853978314879626 0.10043239849105798 [0.000,0.000,2.935,-0.000,-0.000,0.072] -0.39700799333512665 0.19962838162333923
6.721852061658135 0 2.1795470000000003 2.1795470000000003 0.5984639856001525 0.05331822702728717 [-0.000,-0.000,2.841,0.000,0.000,0.139] -0.18050098769687642 0.21650700563825023
4.470248414977032 0 1.4258709999999999 1.4258709999999999 0.8399209817549133 0.016005207485898565 [0.000,0.000,2.768,-0.000,-0.000,0.194] -0.35286171112940196 0.17236072343252554
8.126701391606716 0 2.411149 2.411149 0.6733194073338417 0.07609752514591611 [0.000,0.000,2.886,0.000,0.000,0.106] -0.22957492881286456 0.12328678231653739
4.756147552079682 0 1.5577740000000002 1.5577740000000002 0.8186308555123469 0.019343388189938818 [-0.000,-0.000,2.771,0.000,0.000,0.185] -0.33526532213177185 0.10569039331890728
7.894874057052974 0 2.372529000000001 2.372529000000001 0.6431686103012652 0.0722611006466596 [-0.000,-0.000,2.878,0.000,0.000,0.111] -0.20944376397176367 0.12582155816000817
8.879012624049086 0 2.535195999999999 2.535195999999999 0.7632223690498229 0.08810032160365062 [-0.000,-0.000,2.910,-0.000,-0.000,0.089] -0.29513502564234534 0.08569126167058166
6.500772307642873 0 2.1385620000000003 2.1385620000000003 0.5780534747115164 0.050056634591896666 [-0.000,-0.000,2.834,-0.000,-0.000,0.143] -0.16832574314636217 0.12680928249598317
4.058634642287426 0 1.1774499999999994 1.1774499999999994 0.8907582797207947 0.008990735972840757 [0.000,0.000,2.754,0.000,0.000,0.204] -0.3967655731122414 0.22843982996587925
9.942775987338418 0 2.7160150000000005 2.7160150000000005 0.9284987891292626 0.10460242189675464 [-0.000,-0.000,2.944,-0.000,-0.000,0.067] -0.4365258340405868 0.03976026092834539
8.504993117946928 0 2.474677 2.474677 0.7149777323641274 0.08222124624045378 [-0.000,-0.000,2.898,-0.000,-0.000,0.097] -0.2589767455549416 0.1775490884856452
9.273254204261399 0 2.6011810000000004 2.6011810000000004 0.8160592836652779 0.09430888964814856 [-0.000,-0.000,2.923,0.000,0.000,0.081] -0.3374234605614766 0.078446715006535
0.08723409076006483 0 0.0 0.0 1.3698909853268204 0.07361272534917683 [-0.000,-0.000,2.589,-0.000,-0.000,0.321] -0.9410100725065101 0.6035866119450335
4.33541628292752 0 1.3405930000000001 1.3405930000000001 0.8753055101403243 0.01364429062526392 [0.000,0.000,2.763,-0.000,-0.000,0.197] -0.38317295137434004 0.5578371211321701
6.842610400485093 0 2.1979249999999997 2.1979249999999997 0.5895105112554477 0.055607253723472715 [-0.000,-0.000,2.845,0.000,0.000,0.135] -0.17530740477366302 0.20786554660067702
8.249192091965458 0 2.4336710000000004 2.4336710000000004 0.6842188594741082 0.07838473490844164 [-0.000,-0.000,2.890,0.000,0.000,0.102] -0.23714980716335807 0.061842402389695045
9.549111287860324 0 2.6483350000000003 2.6483350000000003 0.8610164633170668 0.09896211396286961 [-0.000,-0.000,2.932,0.000,0.000,0.074] -0.375571425051515 0.1384216178881569
5.7452689504852295 0 2.005941000000001 2.005941000000001 0.6186771796043051 0.03748999866631101 [-0.000,-0.000,2.809,-0.000,-0.000,0.161] -0.19208347628156883 0.18348794876994615
8.011843487374716 0 2.3918969999999993 2.3918969999999993 0.6681593970571921 0.07430231041719587 [-0.000,-0.000,2.882,-0.000,-0.000,0.108] -0.2259789066045819 0.033895430323013065
8.758681574892659 0 2.5157760000000007 2.5157760000000007 0.7435472931003019 0.08630372722735291 [0.000,0.000,2.906,0.000,0.000,0.091] -0.28015545520505974 0.05417654860047785
9.001151994559066 0 2.5552589999999995 2.5552589999999995 0.7747619826182384 0.09014155534491294 [0.000,0.000,2.914,-0.000,-0.000,0.086] -0.3041908148552718 0.02403535965021203
6.607991400746791 0 2.156885 2.156885 0.6102859703713538 0.05177515491687755 [0.000,0.000,2.837,-0.000,-0.000,0.140] -0.1875648161493858 0.11662599870588597
5.456521703780581 0 1.9559990000000003 1.9559990000000003 0.6862726580666206 0.032516662395352475 [-0.000,-0.000,2.799,-0.000,-0.000,0.168] -0.23601374727157906 0.048448931122193256
9.814460858405791 0 2.694383 2.694383 0.9067343521786738 0.1028023994531904 [0.000,0.000,2.940,-0.000,-0.000,0.069] -0.4163677593771063 0.18035401210552723
5.849235231681414 0 2.0290279999999994 2.0290279999999994 0.652899732604172 0.03895724151767756 [0.000,0.000,2.812,0.000,0.000,0.159] -0.21389786375063297 0.20246989562647333
5.549588624198821 0 1.9691940000000008 1.9691940000000008 0.682055350112184 0.03455671666502278 [0.000,0.000,2.803,0.000,0.000,0.165] -0.23319683364166027 0.019298969891027307
7.414286338595705 0 2.292865000000001 2.292865000000001 0.5954049051971587 0.06524058041842765 [-0.000,-0.000,2.864,-0.000,-0.000,0.121] -0.17938166723308543 0.05381516640857484
5.643636336628106 0 1.9881140000000004 1.9881140000000004 0.6677972225896291 0.03577009924503983 [-0.000,-0.000,2.806,-0.000,-0.000,0.164] -0.22361631524921136 0.04423464801612592
5.067601462511714 0 1.849723 1.849723 0.7429292722696701 0.026140645235596817 [0.000,0.000,2.787,0.000,0.000,0.178] -0.27631361846423746 0.05269730321502611
-1.343016386610043 0 0.0 0.0 1.9201134737825005 0.2625493604385025 [0.000,0.000,2.094,0.000,0.000,0.230] -1.8778839594338836 1.6015703409696462
-2.032451577945114 0 0.0 0.0 2.0105339962822173 0.3491134008694979 [-0.000,-0.000,1.882,0.000,0.000,0.202] -2.082063558436605 0.20417959900272153
0.25299493514235216 0 0.0 0.0 1.3384034830318223 0.06764736999075918 [0.000,0.000,2.608,-0.000,-0.000,0.322] -0.8979500250291901 1.184113533407415
1.297250857552573 0 0.0 0.0 1.3795025009118878 0.04966051416031318 [0.000,0.000,2.628,0.000,0.000,0.272] -0.9527466583444097 0.05479663331521967
1.722348963717275 0 0.0 0.0 1.300572652105928 0.03732068238032818 [0.000,0.000,2.658,0.000,0.000,0.264] -0.8464410283695902 0.10630562997481952
6.398135777145181 0 2.120488 2.120488 0.6118799546244604 0.04858840739655221 [0.000,0.000,2.831,-0.000,-0.000,0.145] -0.18837895610228253 0.6580620722673077
3.931434548039759 0 1.1017169999999998 1.1017169999999998 0.9372598723641637 0.0069522178715380415 [0.000,0.000,2.750,-0.000,-0.000,0.207] -0.4392522008387108 0.25087324473642825
7.57175726409541 0 2.3192270000000006 2.3192270000000006 0.6290784625105362 0.06728174591472284 [0.000,0.000,2.868,-0.000,-0.000,0.118] -0.20013327266397674 0.23911892817473407
1.994806889441973 0 0.0 0.0 1.2777471954370219 0.0303754286663854 [0.000,0.000,2.677,0.000,0.000,0.262] -0.816780281056921 0.6166470083929443
0.5764683977934144 0 0.0 0.0 1.28062653733368 0.060488290877932206 [0.000,0.000,2.625,-0.000,-0.000,0.315] -0.8218315807282924 0.005051299671371412
7.20055897365776 0 2.2579449999999994 2.2579449999999994 0.6071884812899725 0.06197983543056568 [0.000,0.000,2.857,0.000,0.000,0.125] -0.18625967590561163 0.6355719048226808
6.262953265728569 0 2.097594 2.097594 0.5985850934304987 0.04622589461906965 [0.000,0.000,2.826,0.000,0.000,0.148] -0.1802204737052661 0.006039202200345539
7.649950697172187 0 2.33235 2.33235 0.629050843242795 0.06875075757158361 [0.000,0.000,2.871,-0.000,-0.000,0.116] -0.20021581502556907 0.01999534132030298
6.053790392665974 0 2.060379 2.060379 0.6313162596549312 0.042718067996262765 [0.000,0.000,2.819,-0.000,-0.000,0.153] -0.20019252651901293 2.3288506556140565e-05
6.875687568756877 0 2.205303 2.205303 0.5697233596465152 0.0561797709737826 [-0.000,-0.000,2.846,-0.000,-0.000,0.134] N/A N/A
